21125019
0 0 0 0 0 
0 0 0 0 0 
0 0 1 1 0 
0 0 0 1 0 
0 0 0 1 0 
0 0 0 0 0 
0 0 0 0 0 
0 0 0 0 0 
2
CS161 9 8 0 0
MTH251 10 10 0 0

21125028
0 0 0 0 0 
0 0 0 0 0 
0 0 1 1 0 
0 0 0 1 0 
0 0 0 1 0 
0 0 0 0 0 
0 0 0 0 0 
0 0 0 0 0 
2
CS161 8 8 0 0
MTH251 8 8 0 0

21125013
0 0 0 0 0 
0 0 0 0 0 
0 0 1 1 0 
0 0 0 1 0 
0 0 0 1 0 
0 0 0 0 0 
0 0 0 0 0 
0 0 0 0 0 
2
CS161 8 7 0 0
MTH251 7 8 0 0

21125006
0 0 0 0 0 
0 0 0 0 0 
0 0 1 1 0 
0 0 0 1 0 
0 0 0 1 0 
0 0 0 0 0 
0 0 0 0 0 
0 0 0 0 0 
2
CS161 8 9 0 0
MTH251 8 9 0 0

21125027
0 0 0 0 0 
0 0 0 0 0 
0 0 1 1 0 
0 0 0 1 0 
0 0 0 1 0 
0 0 0 0 0 
0 0 0 0 0 
0 0 0 0 0 
2
CS161 8 8 0 0
MTH251 9 9 0 0

21125087
0 0 0 0 0 
0 0 0 0 0 
0 0 0 0 0 
0 0 0 0 0 
0 0 0 0 0 
0 0 0 0 0 
0 0 0 0 0 
0 0 0 0 0 
0

21125101
0 0 0 0 0 
0 0 0 0 0 
0 0 0 0 0 
0 0 0 0 0 
0 0 0 0 0 
0 0 0 0 0 
0 0 0 0 0 
0 0 0 0 0 
0

21125007
0 0 0 0 0 
0 0 0 0 0 
0 0 0 0 0 
0 0 0 0 0 
0 0 0 0 0 
0 0 0 0 0 
0 0 0 0 0 
0 0 0 0 0 
0

21125082
0 0 0 0 0 
0 0 0 0 0 
0 0 0 0 0 
0 0 0 0 0 
0 0 0 0 0 
0 0 0 0 0 
0 0 0 0 0 
0 0 0 0 0 
0

21125155
0 0 0 0 0 
0 0 0 0 0 
0 0 0 0 0 
0 0 0 0 0 
0 0 0 0 0 
0 0 0 0 0 
0 0 0 0 0 
0 0 0 0 0 
0

